   1            "a"  115  171.172913 164.761307 235.078888
   2            "b"   18   75.692940  31.845098  30.851309
   3            "d"   54   77.325691 101.097031 160.032272
   4            "f"   17   38.976189  61.137024  43.225155
   5            "g"   25   68.663246  85.465118  99.052551
   6            "h"    8   28.950245  38.072613  34.127090
   7            "i"   22   49.702000  44.083199 124.410164
   8            "j"   56  112.936798 547.196106 189.758041
   9            "m"    7   38.013634  20.142963  37.708256
  10            "n"   26   92.909462  55.453445  55.431026
  11            "p"   51   87.676857  74.685677  78.932457
  12            "r"   17   31.863115  17.000853  27.431314
  13            "s"   47  179.777069 400.383057 100.010628
  14            "t"   73  155.250381 101.869919 117.491974
  15            "v"   64   67.581238  64.013145  64.189232
  16            "z"   17  107.541550  45.176899  29.995026
  17           "aa"   33  174.407135 108.536789 138.438782
  18           "ae"   59  217.557098  83.644196  70.608192
  19           "ay"    9   39.916992  25.217178  22.037004
  20           "ch"   16   87.963432  67.229073  74.802147
  21           "ee"   23   57.510899  63.289803  47.171021
  22           "ii"   39   42.731392  43.239174  48.440994
  23           "ll"   31   47.013992  77.010292 136.976456
  24           "mm"   16   46.024696  53.561497  55.104164
  25           "nn"   13   36.938217  21.090965  47.744892
  26           "oo"   50  103.346954  86.350227 104.846786
  27           "rr"   26  156.811050 136.901184  64.185699
  28           "sp"  212  1406.722534
  29           "ss"   44   51.146011  43.998920  47.253407
  30           "tt"   51  133.092621 108.786331 123.914337
  31           "ur"   10   30.105881  28.942793  33.256027
  32           "yy"   18   31.415232  35.138607  45.789207
  33          "s+p"   26  179.777069 400.383057 205.725693
  34          "t-a"   47  144.091660 219.501022 235.078888
  35          "sil"   62  388.409363 1406.722534 1828.253296
  36       "d-aa+t"   32  174.407135 212.037201 184.785751
  37        "s-a+b"   18  171.172913 219.501022 235.078888
  38       "z-aa+f"   17  174.407135 212.037201 138.438782
